           NOMINAL TIMING      EARLY TIMING        LATE TIMING
 mo. yr.  mean +2sig -2sig ap mean +2sig -2sig ap mean +2sig -2sig ap
 BEGIN_DATA
 10 2017    71   79   63    8   68   79   63    8   85   96   73    9
 11 2017    71   79   63    8   68   79   63    8   84   95   72    8
 12 2017    70   79   63    8   68   79   63    8   83   94   72    8
  1 2018    70   79   63    8   68   79   63    8   82   92   71    8
  2 2018    69   79   63    8   68   79   63    8   81   91   70    8
  3 2018    69   80   63    8   68   80   63    8   80   90   69    8
  4 2018    68   80   63    8   68   80   63    8   79   89   68    8
  5 2018    68   80   63    8   68   80   63    8   78   87   68    8
  6 2018    68   80   63    8   68   80   63    8   77   86   67    8
  7 2018    68   80   63    8   68   80   63    8   76   85   66    8
  8 2018    68   80   63    8   68   80   63    8   76   84   66    8
  9 2018    68   80   63    8   68   80   63    8   75   83   65    8
 10 2018    68   80   63    8   68   80   63    8   74   82   65    8
 11 2018    68   80   63    8   69   80   63    8   72   82   64    8
 12 2018    68   80   63    8   70   80   63    8   71   81   64    8
  1 2019    68   80   63    8   71   81   64    8   70   80   64    8
  2 2019    68   80   63    8   73   82   64    8   69   80   63    8
  3 2019    68   80   63    8   74   84   65    8   68   80   63    8
  4 2019    68   80   63    8   77   86   66    8   68   80   63    8
  5 2019    68   80   63    8   79   88   68    8   68   80   63    8
  6 2019    68   80   63    8   81   91   69    8   68   80   63    8
  7 2019    68   80   63    8   83   94   71    8   68   80   63    8
  8 2019    68   80   63    8   85   97   73    8   68   80   63    8
  9 2019    68   80   63    8   87  100   74    9   68   80   63    8
 10 2019    68   80   63    8   89  103   76    9   68   80   63    8
 11 2019    68   80   63    8   92  106   78    9   68   80   63    8
 12 2019    68   80   63    8   94  109   80    9   68   80   63    8
  1 2020    69   80   63    8   96  113   81    9   68   80   63    8
  2 2020    70   81   63    8   99  116   83    9   68   80   63    8
  3 2020    71   81   63    8  101  119   84   10   68   81   63    8
  4 2020    72   82   64    8  103  122   86   10   68   81   63    8
  5 2020    74   83   65    8  105  125   88   10   68   81   63    8
  6 2020    76   85   66    8  107  128   89   10   68   81   63    8
  7 2020    78   87   67    8  110  131   91   10   68   81   63    8
  8 2020    80   90   69    8  112  134   93   10   68   81   63    8
  9 2020    82   93   71    8  114  137   94   10   68   81   63    8
 10 2020    84   96   72    8  116  140   96   11   68   81   63    8
 11 2020    86   99   74    8  118  142   97   11   68   81   63    8
 12 2020    89  102   76    9  120  145   98   11   68   81   63    8
  1 2021    91  105   78    9  122  148  100   11   68   81   63    8
  2 2021    93  108   79    9  123  150  101   11   68   81   63    8
  3 2021    95  111   81    9  125  153  102   11   69   81   63    8
  4 2021    97  114   82    9  126  155  103   12   69   81   63    8
  5 2021   100  117   84    9  128  156  104   12   70   81   63    8
  6 2021   102  121   85   10  129  158  105   12   72   81   64    8
  7 2021   104  124   87   10  130  160  105   12   73   83   65    8
  8 2021   106  127   89   10  131  161  106   12   75   84   66    8
  9 2021   109  130   90   10  132  162  107   12   77   86   67    8
 10 2021   111  133   92   10  133  164  108   12   79   88   69    8
 11 2021   113  136   94   10  134  165  108   12   81   91   70    8
 12 2021   115  139   95   11  135  166  109   12   83   94   72    8
  1 2022   117  142   96   11  136  167  109   12   85   97   74    8
  2 2022   119  144   98   11  136  168  110   12   87  100   75    8
  3 2022   121  147   99   11  137  169  110   13   90  103   77    9
  4 2022   123  150  100   11  137  170  110   13   92  106   79    9
  5 2022   124  152  101   11  137  170  110   13   94  109   80    9
  6 2022   126  154  102   12  137  170  111   13   96  113   82    9
  7 2022   127  157  103   12  137  171  111   13   98  116   83    9
  8 2022   129  158  104   12  137  171  111   13  101  119   85    9
  9 2022   130  160  105   12  137  170  110   13  103  122   86   10
 10 2022   131  162  106   12  137  170  110   13  105  125   87   10
 11 2022   132  163  107   12  137  170  110   13  107  128   89   10
 12 2022   133  165  108   12  136  169  110   13  110  132   91   10
  1 2023   135  166  109   12  136  169  110   12  112  135   92   10
  2 2023   135  167  109   12  136  168  110   12  114  138   94   10
  3 2023   136  169  110   12  135  167  109   12  116  141   95   11
  4 2023   137  170  110   12  135  167  109   12  118  144   97   11
  5 2023   137  171  111   13  134  166  109   12  120  147   98   11
  6 2023   138  171  111   13  133  165  108   12  122  149   99   11
  7 2023   138  172  111   13  132  163  108   12  124  152  101   11
  8 2023   138  172  111   13  132  162  107   12  125  154  102   11
  9 2023   138  173  112   13  131  160  106   12  127  157  103   12
 10 2023   138  173  112   13  129  159  105   12  128  159  104   12
 11 2023   138  173  112   13  128  157  105   12  130  161  105   12
 12 2023   138  173  111   13  127  156  104   12  131  162  106   12
  1 2024   138  172  111   13  126  154  103   12  132  164  107   12
  2 2024   138  172  111   13  125  153  102   12  133  165  108   12
  3 2024   137  172  111   13  124  151  102   11  134  167  109   12
  4 2024   137  171  111   13  123  149  101   11  136  168  109   12
  5 2024   137  171  110   13  121  147  100   11  136  170  110   12
  6 2024   136  170  110   12  120  146   99   11  137  171  110   12
  7 2024   136  169  110   12  119  144   98   11  138  172  111   13
  8 2024   135  168  109   12  118  142   98   11  138  173  111   13
  9 2024   134  167  108   12  116  140   97   11  139  174  111   13
 10 2024   133  165  108   12  115  137   96   11  139  174  111   13
 11 2024   133  164  107   12  114  135   95   11  139  174  111   13
 12 2024   132  162  106   12  112  134   94   10  139  175  112   13
  1 2025   130  161  106   12  111  132   93   10  139  175  112   13
  2 2025   129  159  105   12  109  130   92   10  139  175  112   13
  3 2025   128  158  104   12  108  128   91   10  139  175  111   13
  4 2025   127  156  104   12  107  127   90   10  139  175  111   13
  5 2025   126  154  103   12  105  125   89   10  139  174  111   13
  6 2025   125  153  102   12  104  123   88   10  138  174  111   13
  7 2025   123  151  101   11  103  121   87   10  138  173  111   13
  8 2025   122  149  100   11  102  119   86   10  138  172  111   13
  9 2025   121  147   99   11  100  117   85   10  137  172  110   13
 10 2025   120  145   99   11   99  115   84   10  137  171  110   12
 11 2025   119  143   98   11   98  114   84   10  136  170  110   12
 12 2025   117  141   97   11   97  112   83    9  135  168  109   12
  1 2026   116  139   97   11   96  110   82    9  134  167  109   12
  2 2026   115  137   96   11   95  109   81    9  134  166  108   12
  3 2026   113  135   95   11   93  107   80    9  133  164  107   12
  4 2026   112  133   94   10   92  106   79    9  131  163  106   12
  5 2026   110  131   93   10   91  104   78    9  130  161  106   12
  6 2026   109  130   92   10   90  102   77    9  129  159  105   12
  7 2026   108  128   91   10   89  101   77    9  128  158  104   12
  8 2026   106  126   90   10   88   99   76    9  127  156  103   12
  9 2026   105  124   89   10   87   98   75    9  125  154  102   12
 10 2026   104  122   88   10   86   96   74    9  124  152  102   11
 11 2026   102  120   87   10   85   95   74    9  123  150  101   11
 12 2026   101  118   86   10   84   94   73    9  122  148  100   11
  1 2027   100  116   85   10   83   93   72    9  120  146   99   11
  2 2027    99  114   84   10   83   92   72    8  119  144   98   11
  3 2027    98  113   83   10   82   91   71    8  118  142   97   11
  4 2027    97  111   82    9   82   89   71    8  117  140   97   11
  5 2027    95  109   82    9   81   88   71    8  115  138   96   11
  6 2027    94  108   81    9   80   87   70    8  114  136   95   11
  7 2027    93  106   80    9   80   86   70    8  113  134   94   11
  8 2027    92  105   79    9   79   85   69    8  111  133   93   10
  9 2027    91  103   78    9   78   85   69    8  110  131   92   10
 10 2027    90  101   78    9   78   84   68    8  109  129   91   10
 11 2027    89  100   77    9   77   84   68    8  107  127   90   10
 12 2027    88   99   76    9   76   84   68    8  106  125   89   10
  1 2028    87   97   75    9   76   84   67    8  105  123   88   10
  2 2028    86   96   75    9   75   84   67    8  103  121   87   10
  3 2028    85   95   74    9   75   85   67    8  102  119   86   10
  4 2028    84   93   73    9   74   85   66    8  101  117   85   10
  5 2028    83   92   72    8   74   85   66    8   99  115   84   10
  6 2028    83   91   72    8   74   85   66    8   98  113   83   10
  7 2028    82   90   71    8   73   85   66    8   97  111   82   10
  8 2028    81   88   71    8   73   85   65    8   96  110   81    9
  9 2028    81   87   71    8   73   85   65    8   95  108   80    9
 10 2028    80   86   70    8   73   85   65    8   94  107   80    9
 11 2028    80   86   70    8   73   85   65    8   93  105   79    9
 12 2028    79   85   70    8   73   85   65    8   92  104   78    9
  1 2029    79   85   69    8   72   85   65    8   91  102   78    9
  2 2029    78   85   69    8   72   85   65    8   90  100   77    9
  3 2029    77   85   69    8   72   85   65    8   89   99   76    9
  4 2029    77   85   68    8   72   85   65    8   88   98   75    9
  5 2029    76   85   68    8   71   85   65    8   87   96   75    9
  6 2029    76   85   68    8   71   85   65    8   86   95   74    9
  7 2029    75   85   67    8   71   85   64    8   85   94   73    9
  8 2029    75   85   67    8   71   85   64    8   84   93   72    9
  9 2029    75   85   67    8   71   85   64    8   84   91   72    9
 10 2029    74   85   66    8   72   85   65    8   81   90   70    8
 11 2029    73   85   65    8   73   85   66    8   78   89   69    8
 12 2029    72   85   65    8   75   86   66    8   76   87   67    8
  1 2030    71   85   64    8   77   87   68    8   74   87   66    8
  2 2030    70   85   64    8   79   89   69    8   72   86   65    8
  3 2030    70   86   63    8   82   91   71    8   70   86   64    8
  4 2030    69   86   63    8   85   93   73    8   68   86   63    8
  5 2030    70   86   63    8   87   96   74    8   68   86   63    8
  6 2030    70   86   64    8   89   99   76    9   68   86   63    8
  7 2030    71   86   64    8   91  102   77    9   68   86   63    8
  8 2030    71   86   65    8   93  105   79    9   69   86   63    8
  9 2030    72   86   65    8   96  109   81    9   69   86   63    8
 10 2030    73   86   66    8   98  112   82    9   69   86   63    8
 11 2030    74   86   66    8  100  115   84    9   69   86   64    8
 12 2030    75   86   67    8  102  119   85   10   70   86   64    8
  1 2031    76   86   67    8  104  122   87   10   70   86   64    8
  2 2031    77   86   68    8  107  126   88   10   70   86   64    8
  3 2031    79   86   69    8  109  130   89   10   70   86   64    8
  4 2031    80   88   70    8  111  133   91   10   70   86   64    8
  5 2031    82   89   71    8  113  136   93   10   70   86   64    8
  6 2031    84   91   72    8  115  140   94   11   70   86   64    8
  7 2031    86   93   73    8  118  143   95   11   70   86   64    8
  8 2031    88   96   75    9  120  146   97   11   70   86   64    8
  9 2031    90   99   76    9  122  149   98   11   71   86   64    8
 10 2031    92  102   78    9  123  152   99   11   71   86   64    8
 11 2031    94  106   79    9  125  155  100   11   72   86   65    8
 12 2031    96  109   81    9  127  158  101   12   72   86   65    8
  1 2032    98  112   82    9  129  161  103   12   73   86   65    8
  2 2032   100  116   84    9  130  164  104   12   74   86   66    8
  3 2032   102  119   85   10  132  166  105   12   75   87   66    8
  4 2032   105  123   86   10  133  169  106   12   76   87   67    8
  5 2032   107  126   88   10  135  171  107   12   78   87   68    8
  6 2032   110  130   89   10  136  173  108   12   79   87   69    8
  7 2032   112  134   91   10  138  174  109   12   81   88   70    8
  8 2032   114  137   93   10  139  176  110   12   83   89   71    8
  9 2032   116  140   94   11  140  177  111   13   85   91   73    8
 10 2032   119  144   96   11  141  179  111   13   87   94   74    8
 11 2032   121  147   97   11  142  180  112   13   89   96   75    9
 12 2032   123  150   99   11  142  181  112   13   91   99   76    9
  1 2033   124  153  100   11  143  183  113   13   93  103   78    9
  2 2033   126  156  101   11  143  184  113   13   95  106   79    9
  3 2033   128  159  102   12  144  184  113   13   97  109   81    9
  4 2033   130  162  103   12  144  185  113   13   99  113   83    9
  5 2033   131  165  104   12  144  185  113   13  101  116   84   10
  6 2033   133  167  105   12  144  185  114   13  103  120   86   10
  7 2033   134  170  106   12  144  185  114   13  105  123   87   10
  8 2033   136  172  107   12  144  185  114   13  108  127   88   10
  9 2033   137  174  108   12  144  185  113   13  110  130   90   10
 10 2033   138  175  109   12  144  185  113   13  112  134   91   10
 11 2033   139  177  110   13  144  184  113   13  114  137   93   10
 12 2033   140  178  111   13  143  184  113   13  116  141   94   11
  1 2034   141  180  111   13  143  183  113   13  119  144   96   11
  2 2034   142  181  112   13  142  182  112   13  121  148   97   11
  3 2034   142  182  112   13  142  181  112   13  123  151   98   11
  4 2034   143  184  112   13  141  180  111   13  124  154  100   11
  5 2034   144  185  113   13  140  179  111   13  126  157  101   11
  6 2034   144  185  113   13  140  177  110   13  128  160  102   12
  7 2034   145  186  113   13  139  176  110   13  130  163  103   12
  8 2034   145  186  113   13  138  174  109   13  132  166  104   12
  9 2034   145  186  113   13  137  172  109   12  133  168  105   12
 10 2034   145  186  113   13  136  171  108   12  135  171  107   12
 11 2034   145  186  114   13  135  169  108   12  137  173  108   12
 12 2034   145  186  113   13  134  167  107   12  138  175  108   12
  1 2035   145  186  113   13  133  165  106   12  139  176  109   13
  2 2035   145  185  113   13  132  163  105   12  140  178  110   13
  3 2035   144  185  113   13  130  161  104   12  141  179  111   13
  4 2035   144  184  113   13  129  159  104   12  142  181  111   13
  5 2035   143  183  112   13  128  157  103   12  143  182  112   13
  6 2035   143  182  112   13  127  154  102   12  143  183  112   13
  7 2035   142  181  111   13  125  152  101   11  144  185  113   13
  8 2035   141  180  111   13  124  150  100   11  144  186  113   13
  9 2035   140  178  110   13  122  148   99   11  145  186  113   13
 10 2035   139  177  110   13  121  145   98   11  145  187  113   13
 11 2035   139  175  109   13  120  143   97   11  145  187  113   13
 12 2035   138  173  108   12  118  141   96   11  145  187  114   13
  1 2036   136  172  108   12  117  139   95   11  145  187  114   13
  2 2036   135  170  107   12  115  137   94   11  145  187  114   13
  3 2036   134  168  106   12  114  135   93   11  145  187  113   13
  4 2036   133  166  106   12  113  133   92   11  145  187  113   13
  5 2036   132  164  105   12  111  131   91   10  145  186  113   13
  6 2036   130  162  104   12  110  128   90   10  144  186  113   13
  7 2036   129  160  103   12  109  126   89   10  144  185  113   13
  8 2036   128  157  102   12  107  123   88   10  143  184  112   13
  9 2036   127  155  101   12  106  121   88   10  143  183  112   13
 10 2036   125  153  101   12  105  119   87   10  142  182  111   13
 11 2036   124  150  100   11  104  117   86   10  141  181  111   13
 12 2036   123  148   99   11  102  115   85   10  141  179  111   13
  1 2037   122  145   99   11  101  114   84   10  140  178  110   13
  2 2037   120  143   98   11  100  112   84   10  139  176  110   13
  3 2037   119  141   97   11   99  110   83   10  138  174  109   13
  4 2037   118  139   96   11   98  109   82   10  137  172  108   12
  5 2037   116  137   95   11   97  107   81    9  136  170  108   12
  6 2037   115  135   94   11   96  105   80    9  135  168  107   12
  7 2037   114  133   93   11   95  103   80    9  134  166  106   12
  8 2037   112  131   92   11   94  101   79    9  133  164  105   12
  9 2037   111  129   91   10   93  100   78    9  131  162  104   12
 10 2037   110  126   90   10   92   98   77    9  130  160  104   12
 11 2037   108  124   89   10   91   96   77    9  129  158  103   12
 12 2037   107  122   88   10   90   95   76    9  128  156  102   12
  1 2038   106  120   87   10   89   93   75    9  126  154  101   12
  2 2038   104  118   86   10   88   92   74    9  125  151  100   11
  3 2038   103  116   85   10   88   91   74    9  123  149   99   11
  4 2038   102  114   84   10   87   91   73    9  122  146   98   11
  5 2038   101  112   83   10   86   90   73    9  121  144   97   11
  6 2038    99  110   82   10   85   90   72    9  119  142   97   11
  7 2038    98  108   81   10   85   90   72    9  118  140   96   11
  8 2038    97  106   81    9   84   90   71    9  116  138   95   11
  9 2038    96  104   80    9   83   90   71    9  115  136   94   11
 10 2038    95  102   80    9   83   90   70    8  114  134   93   11
 11 2038    94  100   79    9   82   90   70    8  112  132   91   11
 12 2038    93   99   78    9   81   90   70    8  111  129   91   10
  1 2039    92   97   77    9   81   90   69    8  110  127   90   10
  2 2039    91   96   77    9   80   90   69    8  108  124   89   10
  3 2039    90   95   76    9   80   90   69    8  107  122   88   10
  4 2039    89   93   75    9   79   90   68    8  106  120   87   10
  5 2039    88   92   74    9   79   90   68    8  104  118   86   10
  6 2039    88   91   74    9   79   90   68    8  103  116   85   10
  7 2039    87   91   73    9   78   90   68    8  102  114   84   10
  8 2039    86   90   73    9   78   90   67    8  101  112   83   10
  9 2039    86   90   73    9   78   90   67    8  100  110   82   10
 10 2039    85   90   72    9   78   90   67    8   99  108   81   10
 11 2039    84   90   72    9   78   90   67    8   98  106   81   10
 12 2039    84   90   72    9   77   90   67    8   97  104   80    9
  1 2040    83   90   71    9   77   90   67    8   96  102   80    9
  2 2040    83   90   71    9   77   90   67    8   95  100   79    9
  3 2040    82   91   71    8   77   91   67    8   94   99   78    9
  4 2040    82   91   70    8   77   91   67    8   93   97   77    9
  5 2040    81   91   70    8   76   91   67    8   92   96   77    9
  6 2040    81   91   70    8   76   91   67    8   91   95   76    9
  7 2040    80   91   69    8   76   91   66    8   90   94   75    9
  8 2040    80   91   69    8   76   91   66    8   89   93   74    9
  9 2040    80   91   69    8   76   91   66    8   89   92   74    9
 10 2040    79   91   68    8   76   91   66    8   88   91   73    9
 11 2040    79   91   68    8   75   91   66    8   87   91   73    9
 12 2040    79   91   68    8   75   91   66    8   86   91   72    9
  1 2041    78   91   68    8   75   91   66    8   86   91   72    9
  2 2041    78   91   68    8   75   91   66    8   85   91   72    9
  3 2041    78   91   67    8   75   91   66    8   84   91   71    9
  4 2041    77   91   67    8   75   91   66    8   84   91   71    9
  5 2041    77   91   67    8   75   91   66    8   83   91   71    9
  6 2041    77   91   67    8   75   91   66    8   82   91   70    8
  7 2041    77   91   67    8   75   91   66    8   82   91   70    8
  8 2041    76   91   67    8   75   91   66    8   81   91   70    8
  9 2041    76   91   67    8   75   91   66    8   81   91   69    8
 10 2041    76   91   66    8   75   91   66    8   80   91   69    8
 11 2041    76   91   66    8   75   91   67    8   80   91   69    8
 12 2041    76   91   66    8   75   91   67    8   80   91   69    8
  1 2042    76   91   66    8   75   91   66    8   79   91   68    8
  2 2042    75   91   66    8   75   91   66    8   79   91   68    8
  3 2042    75   92   66    8   75   92   66    8   79   92   68    8
  4 2042    75   92   66    8   75   92   66    8   78   92   68    8
  5 2042    75   92   66    8   74   92   66    8   78   92   68    8
  6 2042    75   92   66    8   74   92   66    8   78   92   67    8
  7 2042    75   92   66    8   74   92   66    8   77   92   67    8
  8 2042    75   92   66    8   74   92   67    8   77   92   67    8
  9 2042    75   92   66    8   74   92   67    8   77   92   67    8
 10 2042    75   92   66    8   74   92   67    8   77   92   67    8
 11 2042    75   92   66    8   74   92   67    8   76   92   67    8
 12 2042    75   92   66    8   74   92   67    8   76   92   67    8
  1 2043    75   92   67    8   74   92   67    8   76   92   67    8
  2 2043    75   92   67    8   74   92   67    8   76   92   66    8
  3 2043    75   92   67    8   74   92   67    8   76   92   66    8
  4 2043    75   92   67    8   74   92   68    8   76   92   66    8
  5 2043    75   92   67    8   74   92   68    8   76   92   66    8
  6 2043    76   92   67    8   75   92   68    8   76   92   66    8
  7 2043    76   92   67    8   75   92   68    8   76   92   66    8
  8 2043    75   92   67    8   75   92   68    8   76   92   66    8
  9 2043    75   92   67    8   75   92   69    8   76   92   66    8
 10 2043    75   92   67    8   75   92   69    8   76   92   66    8
 11 2043    75   92   67    8   75   92   69    8   76   92   67    8
 12 2043    75   92   67    8   75   92   69    8   76   92   67    8
  1 2044    75   92   68    8   75   92   69    8   76   92   67    8
  2 2044    75   92   68    8   75   92   69    8   76   92   67    8
  3 2044    75   93   68    8   75   93   69    8   76   93   67    8
  4 2044    75   93   68    8   75   93   69    8   76   93   67    8
  5 2044    75   93   68    8   75   93   69    8   76   93   68    8
  6 2044    75   93   68    8   75   93   69    8   76   93   68    8
  7 2044    75   93   68    8   75   93   69    8   76   93   67    8
  8 2044    75   93   68    8   75   93   69    8   76   93   67    8
 END_DATA